3.4475537109375
3.447621148228645
3.543302983026442
3.5718465465872895
4.0
3.4475537109375
3.4478318897634743
3.564170043848953
3.6186487883678344
4.0
4.0
4.0
4.0
4.0
4.0
3.447660589218139
3.543317682570614
3.5718603274099503
4.0
4.0
4.0
4.0
4.0
4.0
4.0
3.4475444984436034
3.447553323392535
3.447616545897335
3.543299177900714
3.5718429792819193
4.0
4.0
4.0
4.0
4.0
3.4475539112091065
3.447659347795028
3.5433345657489896
3.571876155389678
3.5852550255337508
4.0
4.0
4.0
4.0
4.0
3.448579168319702
3.448596062082498
3.5437051641671453
3.5508347709770334
3.5644325464650337
4.0
4.0
4.0
4.0
4.0
3.448544988632202
3.448563987076078
3.4485650388568034
3.5436904699338228
3.550820306341107
3.5644185197233584
3.9991492549213348
3.9995746274606674
3.9999734142162917
3.9999966767770365
3.448533105850219
3.448551052863848
3.448564726333988
3.448567881671934
3.543689995707656
3.550819839524724
3.5644180670391123
3.9991492540371856
3.999574627018593
3.9999734141886623
3.448533990317955
3.448534715960303
3.448536359454921
3.448566731144948
3.4485730417978964
3.4485819817872625
3.5437108663322356
3.565099419472912
3.570195910650964
3.999580269443995
